24
26
28
29
31
31
31
35
36
38
39
40
43
44
45
47
48
49
51
51
53
55
56
57
59
59
60
62
63
63
63
67
67
70
71
71
73
75
76
78
79
79
81
83
83
85
86
87
88
89
91
91
92
93
95
95
96
97
99
99
100
102
103
103
105
106
107
108
108
110
111
111
112
113
115
115
116
117
118
119
120
120
121
122
123
124
124
125
126
127
127
128
129
131
131
134
135
135
136
137
139
140
140
142
143
143
143
145
147
147
148
150
151
151
152
152
153
155
155
156
156
158
159
159
159
159
161
163
163
163
164
166
167
167
167
169
169
171
171
172
172
173
174
175
175
176
176
177
177
179
179
179
180
181
182
182
183
183
184
184
184
185
185
186
187
187
188
188
188
188
189
190
190
192
192
192
193
193
195
195
195
196
197
198
198
199
199
199
199
199
200
200
201
201
201
203
203
203
203
204
203
202
201
200
200
199
199
199
199
198
198
196
196
196
196
195